32 192 608
64 608 720
64 128 192
288 672 720
192 64 128
384 256 416
544 384 448
640 448 640
928 544 576
1088 576 640
544 96 128
864 64 160
1088 256 352
1056 0 128
1056 352 480

192 32 64
128 64 192
64 192 480
128 480 544
96 544 832
160 832 864
64 864 992
96 992 1024
128 1024 1056
224 1184 1216
384 1216 1248
352 1056 1088
480 1024 1056
448 992 1024
640 608 640
608 576 608
544 512 576
416 352 384
320 288 352

480 64 128
832 96 160
992 64 96
128 1024 1056
1184 0 224
1216 224 384
1248 384 608
992 256 448
1024 448 480
608 608 640
576 576 608
512 384 544
352 320 416
288 256 320
736 640 720
832 544 640
1216 608 640
1024 96 128

672 64 288
608 32 64
256 288 384
384 512 544
448 544 640
256 992 1088

736 620 832 640
832 524 928 544
928 556 1088 576
1088 620 1216 640
1216 588 1248 608
288 720 736 721

1056 0 1184 1
