160 576 672
32 288 384
288 32 320
416 352 608
608 480 640
544 288 320
704 32 128
1024 0 32
0 384 576

288 32 256
32 288 416
128 416 512
320 512 544
288 544 636
32 704 1024
160 1088 1120
416 1024 1088
480 1088 1152
544 1152 1184
608 1184 1216
640 1216 1248
384 0 32

256 288 320
320 384 672
416 32 128
512 128 320
576 480 608
1024 256 416
1088 416 480
1152 480 544
1184 544 608
1216 608 640
1248 640 720
1120 160 256
1088 128 160
1120 64 128
1152 0 64

576 0 160
352 960 1024
256 1024 1120
128 1088 1120
64 1120 1152

160 652 320 672
320 320 352 384
352 300 384 320
384 320 416 352
416 576 576 608
576 460 608 480
608 620 832 640
832 652 928 672
928 720 1280 721
636 128 660 288

1024 0 1280 1
