32 288 576
64 64 288
160 576 672
288 32 224
416 512 608
512 96 192
704 320 512
832 512 640
928 640 480
704 32 128
992 0 32
576 64 96
928 640 720

288 32 64
64 64 128
224 128 288
32 288 416
192 416 512
96 512 576
64 576 672
128 672 704
32 704 992
320 992 1088
384 1088 1152
512 1152 1184
576 1184 1216
608 1216 1248
160 1088 1120

128 64 224
320 512 672
416 64 192
576 320 608
672 64 128
992 224 320
1152 0 64
1120 64 224
1088 128 160
1152 384 512
1184 512 576
1216 576 608
1248 608 640

576 32 160
512 320 416
320 576 704
224 992 1120
128 1088 1120
64 1120 1152

160 652 320 672
416 588 576 608
704 492 832 512
832 620 928 640
1068 320 1088 384
928 720 1248 721

992 0 1152 1
